ratul
2
384 72 9 19
0 0 0 0
1 0 0 0
77 75
129 42
0 0 0 0
480 324 13 8 2
0 0 0 1
1 0 1 0
0
302 336 6 8 2
0 1 0 0
1 0 0 0
0
516 336 14 8 2
1 0 0 0
0 1 0 0
0
468 288 13 10 2
0 1 0 0
0 0 1 0
0
0 0
1
504 504 24 24
241
192 504 0
216 504 0
240 504 0
264 504 0
288 504 0
312 504 0
336 504 0
360 504 0
384 504 0
408 504 0
432 504 0
456 504 0
480 504 0
504 504 0
528 504 0
552 504 0
576 504 0
600 504 0
624 504 0
192 480 0
216 480 0
240 480 0
288 480 0
312 480 0
360 480 0
384 480 0
432 480 0
456 480 0
504 480 0
528 480 0
576 480 0
600 480 0
624 480 0
192 456 -1
216 456 -1
288 456 0
360 456 0
384 456 0
432 456 0
456 456 0
528 456 0
600 456 0
624 456 0
192 432 -1
216 432 -1
240 432 -1
264 432 -1
288 432 -1
312 432 0
336 432 0
360 432 0
384 432 0
408 432 0
432 432 0
456 432 0
480 432 0
504 432 0
528 432 0
552 432 0
576 432 0
600 432 0
624 432 0
192 408 -1
288 408 -1
384 408 0
408 408 0
432 408 0
528 408 0
624 408 0
192 384 -1
216 384 0
240 384 0
264 384 0
288 384 -1
336 384 0
360 384 0
384 384 0
408 384 0
432 384 0
456 384 0
480 384 0
528 384 0
552 384 0
576 384 0
600 384 0
624 384 0
192 360 -1
216 360 0
288 360 -1
408 360 0
528 360 0
600 360 0
624 360 0
192 336 -1
216 336 0
240 336 0
264 336 0
288 336 -1
312 336 -1
336 336 -1
360 336 -1
384 336 0
408 336 0
432 336 0
456 336 0
480 336 0
504 336 0
528 336 0
552 336 0
576 336 0
600 336 0
624 336 0
192 312 -1
264 312 0
336 312 0
480 312 0
552 312 0
624 312 0
192 288 -1
216 288 0
240 288 0
264 288 0
288 288 0
336 288 0
360 288 0
384 288 0
408 288 0
432 288 0
456 288 0
480 288 0
528 288 0
552 288 0
576 288 0
600 288 0
624 288 0
192 264 -1
288 264 0
528 264 0
624 264 0
192 240 -1
216 240 -1
240 240 0
264 240 0
288 240 0
312 240 0
336 240 0
384 240 0
432 240 0
480 240 0
504 240 0
528 240 0
552 240 0
576 240 0
600 240 0
624 240 0
192 216 0
216 216 -1
240 216 0
288 216 0
312 216 0
336 216 0
360 216 0
384 216 0
408 216 0
432 216 0
456 216 0
480 216 0
504 216 0
528 216 0
576 216 0
600 216 0
624 216 0
192 192 -1
216 192 -1
336 192 0
384 192 0
432 192 0
480 192 0
600 192 0
624 192 0
192 168 -1
216 168 0
240 168 0
264 168 0
288 168 0
336 168 0
384 168 0
432 168 0
480 168 0
528 168 0
552 168 0
576 168 0
600 168 0
624 168 0
192 144 -1
216 144 0
336 144 0
480 144 0
600 144 0
624 144 0
192 120 -1
216 120 0
240 120 0
264 120 0
288 120 0
312 120 0
336 120 0
360 120 0
384 120 0
432 120 0
456 120 0
480 120 0
504 120 0
528 120 0
552 120 0
576 120 0
600 120 0
624 120 0
192 96 -1
312 96 0
504 96 0
624 96 0
192 72 -1
216 72 -1
240 72 -1
264 72 -1
288 72 -1
312 72 -1
336 72 -1
360 72 -1
384 72 -1
408 72 0
432 72 0
456 72 0
480 72 0
504 72 0
528 72 0
552 72 0
576 72 0
600 72 0
624 72 0
202
0 39
230
229
228
227
226
225
224
223
222
218
200
194
180
172
173
156
140
139
135
118
112
93
86
69
62
43
33
34
44
45
46
47
63
73
88
97
98
99
100
830 830
2
1 0 0
2
0 1
5 1 0
0 0
0 168
48 504
0
